t	dE	errPct
0	0.00000022	0.000012
0.3	0.00008949	0.004979
0.65	0.00000720	0.000401
0.95	-0.00019330	0.010756
1.25	-0.00038340	0.021333
1.55	-0.00056929	0.031676
1.9	-0.00078936	0.043921
2.2	-0.00096684	0.053796
2.5	-0.00114747	0.063847
2.8	-0.00106529	0.059274
3.15	-0.00088601	0.049299
3.45	-0.00038501	0.021422
3.75	0.00051479	0.028644
4.1	0.00051388	0.028593
4.4	-0.00137732	0.076636
4.7	-0.00185850	0.103410
5	-0.00091323	0.050813
5.35	-0.00016782	0.009338
5.65	0.00006255	0.003480
5.95	0.00011729	0.006526
6.25	-0.00004032	0.002243
6.6	-0.00024968	0.013893
6.9	-0.00041774	0.023244
7.2	-0.00065046	0.036192
7.5	-0.00081997	0.045624
7.85	-0.00101912	0.056705
8.15	-0.00115380	0.064199
8.45	-0.00111851	0.062236
8.8	-0.00078839	0.043867
9.1	0.00000876	0.000487
9.4	0.00076314	0.042462
9.7	0.00026372	0.014674
10.05	-0.00189642	0.105520
10.35	-0.00160694	0.089412
10.65	-0.00068843	0.038305
10.95	-0.00010953	0.006094
11.3	0.00004961	0.002761
11.6	0.00010128	0.005635
11.9	-0.00009563	0.005321
12.25	-0.00026268	0.014616
12.55	-0.00047259	0.026296
12.85	-0.00069068	0.038430
13.15	-0.00086874	0.048338
13.5	-0.00107137	0.059613
13.8	-0.00112156	0.062405
14.1	-0.00101345	0.056390
14.4	-0.00060633	0.033737
14.75	0.00026256	0.014609
15.05	0.00078211	0.043518
15.35	-0.00059999	0.033384
15.65	-0.00185622	0.103283
16	-0.00124390	0.069212
16.3	-0.00044842	0.024951
16.6	0.00001462	0.000813
16.95	0.00009923	0.005521
17.25	0.00001511	0.000841
17.55	-0.00014906	0.008294
17.85	-0.00035066	0.019511
18.2	-0.00055085	0.030650
18.5	-0.00075813	0.042184
18.8	-0.00097094	0.054025
19.1	-0.00112888	0.062812
19.45	-0.00106437	0.059223
19.75	-0.00093912	0.052254
20.05	-0.00042732	0.023777
20.4	0.00067832	0.037742
20.7	0.00065946	0.036693
21	-0.00115871	0.064472
21.3	-0.00191597	0.106607
21.65	-0.00092649	0.051551
21.95	-0.00017524	0.009751
22.25	0.00003511	0.001954
22.55	0.00012770	0.007105
22.9	-0.00003489	0.001941
23.2	-0.00024424	0.013590
23.5	-0.00043214	0.024045
23.8	-0.00059280	0.032984
24.15	-0.00084781	0.047173
24.45	-0.00098257	0.054672
24.75	-0.00113114	0.062938
25.1	-0.00110847	0.061677
25.4	-0.00075693	0.042117
25.7	-0.00007009	0.003900
26	0.00081950	0.045598
26.35	0.00007118	0.003960
26.65	-0.00184748	0.102796
26.95	-0.00164196	0.091361
27.25	-0.00072265	0.040209
27.6	-0.00003585	0.001995
27.9	0.00006040	0.003360
28.2	0.00005282	0.002939
28.55	-0.00005653	0.003145
28.85	-0.00029364	0.016339
29.15	-0.00047281	0.026308
29.45	-0.00068049	0.037863
29.8	-0.00095591	0.053188
30.1	-0.00106227	0.059106
30.4	-0.00114038	0.063453
30.7	-0.00104505	0.058148
31.05	-0.00057888	0.032210
31.35	0.00019068	0.010610
31.65	0.00085698	0.047683
31.95	-0.00029243	0.016271
32.3	-0.00186736	0.103903
32.6	-0.00128362	0.071423
32.9	-0.00043168	0.024019
33.25	-0.00005051	0.002811
33.55	0.00013931	0.007751
33.85	0.00005834	0.003246
34.15	-0.00016124	0.008972
34.5	-0.00034578	0.019240
34.8	-0.00053049	0.029517
35.1	-0.00081627	0.045418
35.4	-0.00097567	0.054288
35.75	-0.00107792	0.059977
36.05	-0.00107666	0.059907
36.35	-0.00099786	0.055522
36.7	-0.00029963	0.016672
37	0.00050514	0.028107
37.3	0.00077795	0.043286
37.6	-0.00102275	0.056907
37.95	-0.00185951	0.103466
38.25	-0.00092938	0.051712
38.55	-0.00027765	0.015449
38.85	0.00009020	0.005019
39.2	0.00003702	0.002060
39.5	-0.00000819	0.000455
39.8	-0.00018978	0.010559
40.15	-0.00044804	0.024930
40.45	-0.00060490	0.033657
40.75	-0.00084345	0.046931
41.05	-0.00097755	0.054392
41.4	-0.00119503	0.066493
41.7	-0.00111607	0.062100
42	-0.00086700	0.048241
42.3	-0.00020775	0.011560
42.65	0.00082580	0.045949
42.95	0.00016770	0.009331
43.25	-0.00165029	0.091824
43.55	-0.00166090	0.092415
43.9	-0.00060826	0.033844
44.2	-0.00009190	0.005113
44.5	0.00007693	0.004281
44.85	0.00004941	0.002749
45.15	-0.00010256	0.005706
45.45	-0.00023948	0.013325
45.75	-0.00046825	0.026054
46.1	-0.00071296	0.039670
46.4	-0.00092221	0.051313
46.7	-0.00108673	0.060467
47	-0.00117051	0.065129
47.35	-0.00107483	0.059805
47.65	-0.00061532	0.034237
47.95	0.00015519	0.008635
48.3	0.00090410	0.050305
48.6	-0.00061407	0.034168
48.9	-0.00192342	0.107022
49.2	-0.00140288	0.078058
49.55	-0.00042805	0.023817
49.85	-0.00006478	0.003605
50.15	0.00008163	0.004542
50.45	0.00000069	0.000038
50.8	-0.00017051	0.009488
51.1	-0.00033116	0.018426
51.4	-0.00058073	0.032313
51.7	-0.00076097	0.042341
52.05	-0.00096650	0.053777
52.35	-0.00107884	0.060028
52.65	-0.00117184	0.065203
53	-0.00095544	0.053162
53.3	-0.00040445	0.022504
53.6	0.00051884	0.028869
53.9	0.00081733	0.045478
54.25	-0.00129212	0.071895
54.55	-0.00184989	0.102930
54.85	-0.00099059	0.055118
55.15	-0.00034794	0.019360
55.5	0.00008042	0.004475
55.8	0.00010604	0.005900
56.1	-0.00002679	0.001490
56.45	-0.00018862	0.010495
56.75	-0.00040505	0.022538
57.05	-0.00064081	0.035655
57.35	-0.00085954	0.047826
57.7	-0.00101667	0.056569
58	-0.00113039	0.062896
58.3	-0.00108678	0.060470
58.6	-0.00087522	0.048699
58.95	-0.00005017	0.002792
59.25	0.00081892	0.045566
59.55	0.00034005	0.018921
59.85	-0.00148708	0.082743
60.2	-0.00163121	0.090763
60.5	-0.00069618	0.038737
60.8	-0.00015611	0.008686
61.15	0.00007128	0.003966
61.45	0.00004617	0.002569
61.75	-0.00000646	0.000360
62.05	-0.00024818	0.013809
62.4	-0.00051441	0.028622
62.7	-0.00072089	0.040111
63	-0.00087197	0.048518
63.3	-0.00107553	0.059844
63.65	-0.00110662	0.061574
63.95	-0.00109369	0.060854
64.25	-0.00063908	0.035559
64.6	0.00021541	0.011986
64.9	0.00088120	0.049031
65.2	-0.00024863	0.013834
65.5	-0.00186756	0.103914
65.85	-0.00129321	0.071956
66.15	-0.00046916	0.026105
66.45	-0.00006110	0.003400
66.75	0.00010125	0.005633
67.1	0.00000806	0.000449
67.4	-0.00012717	0.007076
67.7	-0.00030548	0.016997
68.05	-0.00056533	0.031456
68.35	-0.00077350	0.043039
68.65	-0.00096749	0.053832
68.95	-0.00110967	0.061743
69.3	-0.00108550	0.060399
69.6	-0.00094435	0.052545
69.9	-0.00049999	0.027820
70.2	0.00040455	0.022510
70.55	0.00071308	0.039677
70.85	-0.00110894	0.061703
71.15	-0.00182871	0.101752
71.45	-0.00111323	0.061942
71.8	-0.00021494	0.011959
72.1	0.00006332	0.003523
72.4	0.00007387	0.004110
72.75	-0.00004364	0.002428
73.05	-0.00018750	0.010433
73.35	-0.00036412	0.020260
73.65	-0.00058088	0.032321
74	-0.00086482	0.048120
74.3	-0.00102990	0.057305
74.6	-0.00115187	0.064092
74.9	-0.00107463	0.059794
75.25	-0.00087830	0.048870
75.55	-0.00015831	0.008808
75.85	0.00080401	0.044736
76.2	0.00029662	0.016504
76.5	-0.00171032	0.095165
76.8	-0.00159306	0.088640
77.1	-0.00074850	0.041648
77.45	-0.00007039	0.003917
77.75	0.00006485	0.003608
78.05	0.00008710	0.004846
78.35	-0.00006456	0.003592
78.7	-0.00027266	0.015171
79	-0.00045203	0.025151
79.3	-0.00071838	0.039972
79.6	-0.00091924	0.051148
79.95	-0.00105499	0.058701
80.25	-0.00115796	0.064430
80.55	-0.00110054	0.061236
80.9	-0.00061905	0.034445
81.2	0.00017994	0.010012
81.5	0.00091141	0.050712
81.8	-0.00018504	0.010296
82.15	-0.00186514	0.103779
82.45	-0.00135426	0.075353
82.75	-0.00048048	0.026735
83.05	-0.00003066	0.001706
83.4	0.00011356	0.006319
83.7	-0.00000119	0.000066
84	-0.00011220	0.006243
84.35	-0.00030963	0.017228
84.65	-0.00055793	0.031044
84.95	-0.00073624	0.040966
85.25	-0.00094822	0.052761
85.6	-0.00116301	0.064712
85.9	-0.00120328	0.066952
86.2	-0.00097969	0.054511
86.5	-0.00049470	0.027526
86.85	0.00049881	0.027754
87.15	0.00077870	0.043328
87.45	-0.00103175	0.057408
87.75	-0.00183825	0.102283
88.1	-0.00097345	0.054164
88.4	-0.00032707	0.018199
88.7	0.00008489	0.004723
89.05	0.00008650	0.004813
89.35	-0.00001087	0.000605
89.65	-0.00017268	0.009608
89.95	-0.00038964	0.021680
90.3	-0.00061130	0.034014
90.6	-0.00082561	0.045938
90.9	-0.00101794	0.056640
91.2	-0.00113621	0.063221
91.55	-0.00115445	0.064235
91.85	-0.00090323	0.050257
92.15	-0.00022606	0.012578
92.5	0.00074991	0.041726
92.8	0.00034427	0.019156
93.1	-0.00164602	0.091587
93.4	-0.00179041	0.099621
93.75	-0.00066269	0.036873
94.05	-0.00016957	0.009435
94.35	0.00007115	0.003959
94.65	0.00008970	0.004991
95	-0.00010150	0.005647
95.3	-0.00022345	0.012433
95.6	-0.00045026	0.025053
95.9	-0.00063071	0.035093
96.25	-0.00094070	0.052342
96.55	-0.00106230	0.059108
96.85	-0.00116411	0.064773
97.2	-0.00103943	0.057835
97.5	-0.00069031	0.038410
97.8	0.00008483	0.004720
98.1	0.00087332	0.048593
98.45	-0.00041944	0.023338
98.75	-0.00184923	0.102894
99.05	-0.00139597	0.077674
99.35	-0.00054761	0.030470
99.7	-0.00002606	0.001450
100	0.00008209	0.004568