t	dE	errPct
0	-0.00000044	0.000004
0.3	-0.00870449	0.086008
0.65	-0.00055556	0.005489
0.95	0.00490511	0.048467
1.25	0.00686554	0.067838
1.55	0.00719887	0.071131
1.9	0.00594462	0.058738
2.2	0.00414447	0.040951
2.5	0.00372467	0.036803
2.8	0.00291418	0.028795
3.15	0.00165004	0.016304
3.45	0.00128997	0.012746
3.75	0.00071458	0.007061
4.1	-0.00032505	0.003212
4.4	-0.00101534	0.010032
4.7	-0.00127349	0.012583
5	-0.00191653	0.018937
5.35	-0.00260147	0.025705
5.65	-0.00304550	0.030092
5.95	-0.00344383	0.034028
6.25	-0.00366386	0.036202
6.6	-0.00508097	0.050204
6.9	-0.00562168	0.055547
7.2	-0.00663978	0.065607
7.5	-0.00773839	0.076462
7.85	-0.00929589	0.091852
8.15	-0.01031527	0.101924
8.45	-0.01109977	0.109675
8.8	-0.00955633	0.094425
9.1	-0.00607408	0.060017
9.4	0.00168107	0.016610
9.7	0.00413338	0.040841
10.05	-0.01090906	0.107791
10.35	-0.00970315	0.095876
10.65	-0.00173705	0.017164
10.95	0.00252583	0.024957
11.3	0.00319595	0.031579
11.6	0.00263931	0.026079
11.9	0.00220835	0.021820
12.25	0.00017148	0.001694
12.55	-0.00032909	0.003252
12.85	-0.00136531	0.013490
13.15	-0.00216130	0.021356
13.5	-0.00304026	0.030040
13.8	-0.00377013	0.037252
14.1	-0.00396323	0.039160
14.4	-0.00491890	0.048603
14.75	-0.00513626	0.050751
15.05	-0.00595497	0.058840
15.35	-0.00606773	0.059955
15.65	-0.00675931	0.066788
16	-0.00769619	0.076045
16.3	-0.00831422	0.082152
16.6	-0.00906815	0.089601
16.95	-0.01000983	0.098906
17.25	-0.01118731	0.110540
17.55	-0.01127643	0.111421
17.85	-0.01305744	0.129019
18.2	-0.01420922	0.140400
18.5	-0.01403058	0.138635
18.8	-0.01308434	0.129285
19.1	-0.00745013	0.073614
19.45	0.00145329	0.014360
19.75	-0.00518623	0.051245
20.05	-0.01622560	0.160323
20.4	-0.00895065	0.088440
20.7	-0.00275542	0.027226
21	-0.00048455	0.004788
21.3	-0.00012201	0.001206
21.65	-0.00078593	0.007766
21.95	-0.00223637	0.022097
22.25	-0.00318919	0.031512
22.55	-0.00422432	0.041740
22.9	-0.00544387	0.053790
23.2	-0.00618573	0.061120
23.5	-0.00682366	0.067424
23.8	-0.00742408	0.073356
24.15	-0.00763849	0.075475
24.45	-0.00829866	0.081998
24.75	-0.00920530	0.090956
25.1	-0.00969877	0.095832
25.4	-0.01002231	0.099029
25.7	-0.01072365	0.105959
26	-0.01119474	0.110614
26.35	-0.01226862	0.121225
26.65	-0.01322501	0.130675
26.95	-0.01350849	0.133476
27.25	-0.01415593	0.139873
27.6	-0.01621672	0.160235
27.9	-0.01655035	0.163532
28.2	-0.01734670	0.171401
28.55	-0.01714156	0.169374
28.85	-0.01397151	0.138051
29.15	-0.00738602	0.072980
29.45	-0.00170124	0.016810
29.8	-0.01637678	0.161817
30.1	-0.01797252	0.177584
30.4	-0.00975918	0.096429
30.7	-0.00510294	0.050422
31.05	-0.00416854	0.041189
31.35	-0.00443891	0.043860
31.65	-0.00534721	0.052835
31.95	-0.00675011	0.066697
32.3	-0.00707329	0.069890
32.6	-0.00840934	0.083092
32.9	-0.00960337	0.094890
33.25	-0.01044164	0.103173
33.55	-0.01081827	0.106894
33.85	-0.01115175	0.110189
34.15	-0.01186794	0.117266
34.5	-0.01218510	0.120400
34.8	-0.01304572	0.128903
35.1	-0.01335616	0.131971
35.4	-0.01378616	0.136219
35.75	-0.01472622	0.145508
36.05	-0.01492839	0.147506
36.35	-0.01581245	0.156241
36.7	-0.01708773	0.168842
37	-0.01746873	0.172606
37.3	-0.01921387	0.189850
37.6	-0.01974113	0.195060
37.95	-0.02062845	0.203827
38.25	-0.02177974	0.215203
38.55	-0.02052497	0.202805
38.85	-0.01585673	0.156678
39.2	-0.00660397	0.065253
39.5	-0.01038387	0.102602
39.8	-0.02268007	0.224099
40.15	-0.01737194	0.171650
40.45	-0.01080855	0.106798
40.75	-0.00802517	0.079296
41.05	-0.00741375	0.073254
41.4	-0.00829960	0.082007
41.7	-0.00920671	0.090970
42	-0.00992338	0.098052
42.3	-0.01186017	0.117189
42.65	-0.01262228	0.124719
42.95	-0.01310088	0.129448
43.25	-0.01348317	0.133226
43.55	-0.01418296	0.140140
43.9	-0.01518902	0.150081
44.2	-0.01527317	0.150912
44.5	-0.01625813	0.160645
44.85	-0.01666173	0.164633
45.15	-0.01739387	0.171867
45.45	-0.01763709	0.174270
45.75	-0.01814935	0.179332
46.1	-0.01903442	0.188077
46.4	-0.01955988	0.193269
46.7	-0.02103570	0.207851
47	-0.02193050	0.216693
47.35	-0.02237974	0.221132
47.65	-0.02327968	0.230024
47.95	-0.02495698	0.246597
48.3	-0.02419566	0.239074
48.6	-0.02195612	0.216946
48.9	-0.01502330	0.148443
49.2	-0.00863164	0.085288
49.55	-0.02132222	0.210682
49.85	-0.02603785	0.257277
50.15	-0.01796363	0.177496
50.45	-0.01258981	0.124398
50.8	-0.01106301	0.109312
51.1	-0.01138415	0.112485
51.4	-0.01259429	0.124443
51.7	-0.01341138	0.132516
52.05	-0.01430613	0.141357
52.35	-0.01522720	0.150458
52.65	-0.01645954	0.162635
53	-0.01710910	0.169053
53.3	-0.01755797	0.173488
53.6	-0.01841380	0.181945
53.9	-0.01895503	0.187292
54.25	-0.01965843	0.194243
54.55	-0.02002248	0.197840
54.85	-0.02027330	0.200318
55.15	-0.02129059	0.210370
55.5	-0.02147710	0.212213
55.8	-0.02229376	0.220282
56.1	-0.02267090	0.224008
56.45	-0.02387570	0.235913
56.75	-0.02507424	0.247756
57.05	-0.02518803	0.248880
57.35	-0.02692261	0.266019
57.7	-0.02804441	0.277103
58	-0.02811689	0.277820
58.3	-0.02792378	0.275912
58.6	-0.02363366	0.233521
58.95	-0.01484354	0.146667
59.25	-0.01524214	0.150606
59.55	-0.02952677	0.291751
59.85	-0.02706751	0.267451
60.2	-0.01849217	0.182719
60.5	-0.01469927	0.145242
60.8	-0.01519014	0.150092
61.15	-0.01542359	0.152399
61.45	-0.01659530	0.163976
61.75	-0.01779119	0.175793
62.05	-0.01885236	0.186278
62.4	-0.01958613	0.193528
62.7	-0.02026579	0.200244
63	-0.02065578	0.204097
63.3	-0.02137771	0.211231
63.65	-0.02204887	0.217862
63.95	-0.02265603	0.223861
64.25	-0.02302155	0.227473
64.6	-0.02394100	0.236558
64.9	-0.02424783	0.239590
65.2	-0.02508628	0.247875
65.5	-0.02513112	0.248318
65.85	-0.02621302	0.259008
66.15	-0.02696519	0.266440
66.45	-0.02766209	0.273326
66.75	-0.02842781	0.280892
67.1	-0.02969320	0.293395
67.4	-0.03090279	0.305347
67.7	-0.03188056	0.315008
68.05	-0.03130954	0.309366
68.35	-0.02969385	0.293401
68.65	-0.02316555	0.228896
68.95	-0.01586740	0.156784
69.3	-0.02725637	0.269317
69.6	-0.03358074	0.331807
69.9	-0.02605784	0.257474
70.2	-0.02047880	0.202349
70.55	-0.01787401	0.176611
70.85	-0.01817214	0.179557
71.15	-0.01937530	0.191445
71.45	-0.02034558	0.201032
71.8	-0.02136458	0.211101
72.1	-0.02242761	0.221605
72.4	-0.02305602	0.227814
72.75	-0.02439057	0.241000
73.05	-0.02486974	0.245735
73.35	-0.02525239	0.249516
73.65	-0.02610981	0.257988
74	-0.02655935	0.262430
74.3	-0.02721022	0.268861
74.6	-0.02742467	0.270980
74.9	-0.02819495	0.278591
75.25	-0.02885922	0.285155
75.55	-0.02963084	0.292779
75.85	-0.03022909	0.298690
76.2	-0.03069383	0.303282
76.5	-0.03142936	0.310550
76.8	-0.03250492	0.321177
77.1	-0.03398046	0.335757
77.45	-0.03466062	0.342477
77.75	-0.03504883	0.346313
78.05	-0.03497549	0.345589
78.35	-0.03117397	0.308026
78.7	-0.02208564	0.218226
79	-0.02133859	0.210844
79.3	-0.03556609	0.351424
79.6	-0.03499973	0.345828
79.95	-0.02552632	0.252222
80.25	-0.02236369	0.220973
80.55	-0.02188064	0.216200
80.9	-0.02263511	0.223655
81.2	-0.02373377	0.234511
81.5	-0.02458025	0.242875
81.8	-0.02547647	0.251730
82.15	-0.02665201	0.263345
82.45	-0.02729038	0.269653
82.75	-0.02769814	0.273682
83.05	-0.02838308	0.280450
83.4	-0.02937954	0.290296
83.7	-0.02985486	0.294992
84	-0.03037909	0.300172
84.35	-0.03094192	0.305733
84.65	-0.03162462	0.312479
84.95	-0.03154452	0.311688
85.25	-0.03246895	0.320822
85.6	-0.03272448	0.323347
85.9	-0.03410662	0.337003
86.2	-0.03498984	0.345730
86.5	-0.03538214	0.349607
86.85	-0.03699724	0.365565
87.15	-0.03736449	0.369194
87.45	-0.03889280	0.384295
87.75	-0.03895775	0.384937
88.1	-0.03672216	0.362847
88.4	-0.03112775	0.307570
88.7	-0.02329119	0.230137
89.05	-0.03320868	0.328131
89.35	-0.04126985	0.407782
89.65	-0.03358696	0.331869
89.95	-0.02767919	0.273495
90.3	-0.02501511	0.247171
90.6	-0.02580154	0.254942
90.9	-0.02699661	0.266750
91.2	-0.02723599	0.269116
91.55	-0.02800610	0.276725
91.85	-0.02940262	0.290524
92.15	-0.03078442	0.304177
92.5	-0.03129717	0.309244
92.8	-0.03160191	0.312255
93.1	-0.03239065	0.320048
93.4	-0.03288054	0.324889
93.75	-0.03362462	0.332241
94.05	-0.03398687	0.335820
94.35	-0.03427007	0.338618
94.65	-0.03532839	0.349076
95	-0.03569121	0.352661
95.3	-0.03628457	0.358524
95.6	-0.03728930	0.368451
95.9	-0.03806892	0.376154
96.25	-0.03913460	0.386684
96.55	-0.03990221	0.394269
96.85	-0.04069315	0.402084
97.2	-0.04144518	0.409515
97.5	-0.04226543	0.417620
97.8	-0.04212896	0.416271
98.1	-0.03842831	0.379706
98.45	-0.03002621	0.296685
98.75	-0.02791304	0.275805
99.05	-0.04208111	0.415798
99.35	-0.04242677	0.419214
99.7	-0.03329867	0.329020
100	-0.02946600	0.291150