t	dE	errPct
0	0.00000016	0.000106
0.05	-0.00002828	0.018374
0.1	-0.00003454	0.022439
0.15	-0.00005384	0.034980
0.2	-0.00006207	0.040323
0.25	-0.00006049	0.039300
0.3	-0.00010350	0.067245
0.35	-0.00008147	0.052932
0.4	-0.00010124	0.065777
0.45	-0.00009515	0.061816
0.5	-0.00012211	0.079334
0.55	-0.00012887	0.083728
0.6	-0.00013407	0.087103
0.65	-0.00013898	0.090296
0.7	-0.00014364	0.093322
0.75	-0.00014695	0.095470
0.8	-0.00015462	0.100457
0.85	-0.00013538	0.087954
0.9	-0.00014942	0.097074
0.95	-0.00015009	0.097513
1	-0.00012652	0.082201
1.05	-0.00015651	0.101682
1.1	-0.00012483	0.081102
1.2	-0.00012091	0.078554
1.25	-0.00010198	0.066254
1.3	-0.00010608	0.068917
1.35	-0.00010991	0.071406
1.4	-0.00009461	0.061470
1.45	-0.00010015	0.065067
1.5	-0.00009275	0.060258
1.55	-0.00009406	0.061113
1.6	-0.00004433	0.028799
1.65	-0.00005945	0.038627
1.7	-0.00004645	0.030178
1.75	-0.00002468	0.016034
1.8	-0.00003611	0.023460
1.85	-0.00001052	0.006835
1.9	-0.00004065	0.026409
1.95	0.00000392	0.002550
2	-0.00003414	0.022178
2.05	-0.00000884	0.005740
2.1	0.00002114	0.013733
2.15	-0.00000795	0.005167
2.2	0.00000632	0.004108
2.25	-0.00000278	0.001809
2.3	0.00001334	0.008669
2.35	0.00000047	0.000305
2.4	-0.00000298	0.001939
2.45	0.00000408	0.002651
2.5	0.00001340	0.008704
2.55	0.00002285	0.014845
2.6	0.00002305	0.014975
2.65	0.00001701	0.011054
2.7	0.00004652	0.030223
2.75	0.00000978	0.006355
2.8	0.00005493	0.035688
2.85	0.00002726	0.017711
2.9	0.00002400	0.015590
2.95	0.00004772	0.031004
3	0.00004041	0.026257
3.05	0.00005432	0.035291
3.1	0.00003346	0.021738
3.15	0.00003040	0.019747
3.2	0.00004365	0.028360
3.25	0.00007189	0.046710
3.3	0.00005973	0.038803
3.35	0.00006024	0.039134
3.4	0.00007244	0.047060
3.45	0.00004122	0.026783
3.55	0.00006223	0.040432
3.6	0.00005885	0.038235
3.65	0.00006270	0.040736
3.7	0.00007481	0.048605
3.75	0.00003963	0.025748
3.8	0.00006456	0.041943
3.85	0.00004205	0.027322
3.9	0.00002531	0.016445
3.95	0.00006769	0.043979
4	0.00006094	0.039593
4.05	0.00005969	0.038782
4.1	0.00006249	0.040597
4.15	0.00006971	0.045289
4.2	0.00002732	0.017748
4.25	0.00004223	0.027433
4.3	0.00006154	0.039981
4.35	0.00003063	0.019899
4.4	0.00005665	0.036805
4.45	0.00003213	0.020877
4.5	0.00006485	0.042133
4.55	0.00004673	0.030359
4.6	0.00003162	0.020542
4.65	0.00007347	0.047733
4.7	0.00006409	0.041640
4.75	0.00005701	0.037036
4.8	0.00005297	0.034415
4.85	0.00005107	0.033183
4.9	0.00005165	0.033559
4.95	0.00005463	0.035494
5	0.00005994	0.038941
5.05	0.00006750	0.043855
5.1	0.00007726	0.050192
5.15	0.00003488	0.022663
5.2	0.00004881	0.031714
5.25	0.00006441	0.041849
5.3	0.00002801	0.018197
5.35	0.00004746	0.030836
5.4	0.00006910	0.044892
5.45	0.00003786	0.024599
5.5	0.00006273	0.040752
5.55	0.00003492	0.022687
5.6	0.00006315	0.041029
5.65	0.00003860	0.025075
5.7	0.00007002	0.045493
5.75	0.00004855	0.031542
5.85	0.00006420	0.041707
5.9	0.00004706	0.030572
5.95	0.00003103	0.020159
6	0.00007110	0.046193
6.05	0.00005773	0.037507
6.1	0.00004588	0.029807
6.15	0.00003503	0.022757
6.2	0.00007994	0.051940
6.25	0.00007150	0.046456
6.3	0.00006445	0.041869
6.35	0.00005829	0.037869
6.4	0.00005323	0.034584
6.45	0.00004925	0.031999
6.5	0.00004633	0.030098
6.55	0.00004422	0.028730
6.6	0.00004333	0.028149
6.65	0.00004341	0.028205
6.7	0.00004446	0.028883
6.75	0.00004624	0.030045
6.8	0.00004914	0.031927
6.85	0.00005293	0.034389
6.9	0.00005741	0.037301
6.95	0.00006294	0.040889
7	0.00006912	0.044905
7.05	0.00007612	0.049455
7.1	0.00008410	0.054639
7.15	0.00003795	0.024654
7.2	0.00004730	0.030731
7.25	0.00005757	0.037402
7.3	0.00006841	0.044446
7.35	0.00007997	0.051959
7.4	0.00003746	0.024337
7.45	0.00005041	0.032752
7.5	0.00006404	0.041606
7.55	0.00007833	0.050892
7.6	0.00003846	0.024986
7.65	0.00005403	0.035100
7.7	0.00007021	0.045618
7.75	0.00003218	0.020907
7.8	0.00004943	0.032115
7.85	0.00006741	0.043794
7.9	0.00003110	0.020207
7.95	0.00005020	0.032617
8	0.00006973	0.045303
8.05	0.00003505	0.022772
8.1	0.00005577	0.036231
8.2	0.00004373	0.028411
8.25	0.00006585	0.042781
8.3	0.00003367	0.021876
8.35	0.00005675	0.036873
8.4	0.00008043	0.052252
8.45	0.00004952	0.032174
8.5	0.00007399	0.048072
8.55	0.00004408	0.028640
8.6	0.00006943	0.045107
8.65	0.00004026	0.026158
8.7	0.00006656	0.043242
8.75	0.00003821	0.024824
8.8	0.00006521	0.042369
8.85	0.00003766	0.024465
8.9	0.00006545	0.042520
8.95	0.00003874	0.025172
9	0.00006729	0.043718
9.05	0.00004122	0.026782
9.1	0.00007050	0.045802
9.15	0.00004514	0.029326
9.2	0.00007512	0.048803
9.25	0.00005044	0.032769
9.3	0.00008110	0.052687
9.35	0.00005707	0.037080
9.4	0.00003337	0.021681
9.45	0.00006500	0.042228
9.5	0.00004192	0.027234
9.55	0.00007408	0.048132
9.6	0.00005161	0.033528
9.65	0.00008446	0.054871
9.7	0.00006256	0.040645
9.75	0.00004095	0.026602
9.8	0.00007465	0.048502
9.85	0.00005351	0.034767
9.9	0.00003272	0.021258
9.95	0.00006724	0.043688
10	0.00004690	0.030471
10.05	0.00008195	0.053243
10.1	0.00006219	0.040402
10.15	0.00004260	0.027676
10.2	0.00007840	0.050936
10.25	0.00005936	0.038569
10.3	0.00004050	0.026310
10.35	0.00007701	0.050034
10.4	0.00005860	0.038074
10.45	0.00004049	0.026303
10.55	0.00005994	0.038940
10.6	0.00004240	0.027549
10.65	0.00008025	0.052138
10.7	0.00006314	0.041019
10.75	0.00004629	0.030072
10.8	0.00008469	0.055023
10.85	0.00006824	0.044334
10.9	0.00005192	0.033732
10.95	0.00003579	0.023255
11	0.00007504	0.048751
11.05	0.00005928	0.038517
11.1	0.00004377	0.028437
11.15	0.00008351	0.054259
11.2	0.00006830	0.044375
11.25	0.00005332	0.034639
11.3	0.00003845	0.024979
11.35	0.00007889	0.051257
11.4	0.00006436	0.041816
11.45	0.00005005	0.032515
11.5	0.00003584	0.023285
11.55	0.00007695	0.049992
11.6	0.00006306	0.040968
11.65	0.00004932	0.032044
11.7	0.00003579	0.023251
11.75	0.00007752	0.050364
11.8	0.00006423	0.041732
11.85	0.00005109	0.033195
11.9	0.00003810	0.024751
11.95	0.00008042	0.052246
12	0.00006770	0.043985
12.05	0.00005517	0.035843
12.1	0.00004273	0.027759
12.15	0.00008560	0.055615
12.2	0.00007342	0.047703
12.25	0.00006138	0.039875
12.3	0.00004946	0.032131
12.35	0.00003766	0.024469
12.4	0.00008119	0.052747
12.45	0.00006964	0.045245
12.5	0.00005822	0.037822
12.55	0.00004691	0.030476
12.6	0.00003572	0.023207
12.65	0.00007985	0.051879
12.7	0.00006889	0.044759
12.75	0.00005805	0.037712
12.85	0.00003669	0.023835
12.9	0.00008138	0.052875
12.95	0.00007097	0.046112
13	0.00006063	0.039393
13.05	0.00005043	0.032766
13.1	0.00004034	0.026205
13.15	0.00008556	0.055590
13.2	0.00007567	0.049160
13.25	0.00006587	0.042794
13.3	0.00005617	0.036491
13.35	0.00004656	0.030251
13.4	0.00003702	0.024049
13.45	0.00008283	0.053817
13.5	0.00007351	0.047759
13.55	0.00006428	0.041760
13.6	0.00005513	0.035819
13.65	0.00004604	0.029915
13.7	0.00003708	0.024088
13.75	0.00008344	0.054211
13.8	0.00007464	0.048496
13.85	0.00006593	0.042836
13.9	0.00005727	0.037210
13.95	0.00004873	0.031657
14	0.00004026	0.026158
14.05	0.00003188	0.020710
14.1	0.00007880	0.051193
14.15	0.00007057	0.045847
14.2	0.00006242	0.040551
14.25	0.00005431	0.035286
14.3	0.00004631	0.030089
14.35	0.00003839	0.024940
14.4	0.00008577	0.055725
14.45	0.00007799	0.050671
14.5	0.00007028	0.045663
14.55	0.00006262	0.040683
14.6	0.00005505	0.035767
14.65	0.00004755	0.030895
14.7	0.00004010	0.026050
14.75	0.00003273	0.021266
14.8	0.00008071	0.052438
14.85	0.00007345	0.047723
14.9	0.00006629	0.043067
14.95	0.00005916	0.038437
15	0.00005212	0.033864
15.05	0.00004515	0.029332
15.1	0.00003821	0.024824
15.2	0.00007982	0.051862
15.25	0.00007309	0.047488
15.3	0.00006640	0.043136
15.35	0.00005978	0.038839
15.4	0.00005322	0.034579
15.45	0.00004670	0.030340
15.5	0.00004026	0.026154
15.55	0.00003384	0.021989
15.6	0.00008281	0.053799
15.65	0.00007651	0.049705
15.7	0.00007028	0.045661
15.75	0.00006409	0.041637
15.8	0.00005797	0.037661
15.85	0.00005188	0.033705
15.9	0.00004586	0.029797
15.95	0.00003988	0.025908
16	0.00003396	0.022066
16.05	0.00008338	0.054173
16.1	0.00007757	0.050395
16.15	0.00007178	0.046634
16.2	0.00006606	0.042919
16.25	0.00006037	0.039221
16.3	0.00005472	0.035554