x	y
1.2	0
0.6918	1.0719
-0.5186	1.3916
-1.3783	0.98
-1.8678	0.2825
-2.0135	-0.4767
-1.8525	-1.2848
-1.5174	-1.8499
-1.0658	-2.2758
-0.5461	-2.5591
0.0961	-2.7164
0.6439	-2.7139
1.165	-2.5971
1.715	-2.3342
2.1199	-2.016
2.4508	-1.6272
2.6979	-1.1827
2.8696	-0.6143
2.9098	-0.1032
2.8463	0.4115
2.6764	0.9108
2.3434	1.4453
1.9455	1.8353
1.4515	2.134
0.8757	2.311
0.1333	2.318
-0.516	2.1117
-1.1054	1.6745
-1.5686	0.8559
-1.5823	-0.0497
-1.0398	-0.9115
0.0494	-1.2325
1.1534	-0.4007
1.1344	0.7451
0.4266	1.4948
-0.4675	1.6963
-1.378	1.4246
-1.9366	0.9388
-2.2771	0.343
-2.424	-0.3892
-2.3674	-0.992
-2.1732	-1.5382
-1.8694	-2.0076
-1.4101	-2.4412
-0.9532	-2.7067
-0.4602	-2.8704
0.0495	-2.9312
0.6409	-2.874
1.1252	-2.7186
1.571	-2.4702
1.962	-2.1357
2.3273	-1.6487
2.5439	-1.1617
2.6544	-0.6266
2.628	0.0319
2.4555	0.5955
2.1315	1.1215
1.6502	1.563
0.8992	1.8875
0.1332	1.9088
-0.6481	1.5911
-1.2434	0.8611
-1.2397	-0.3776
-0.3486	-1.1506
0.827	-0.9454
1.4449	0.1661
1.2312	1.1128
0.6399	1.7458
-0.0867	2.0404
-0.9204	2.0322
-1.5426	1.8016
-2.0452	1.4286
-2.4164	0.9621
-2.6818	0.3523
-2.7715	-0.1908
-2.7429	-0.7261
-2.6062	-1.2332
-2.3257	-1.7664
-1.9958	-2.157
-1.5973	-2.4735
-1.0645	-2.7357
-0.5672	-2.8586
-0.0498	-2.8801
0.4693	-2.7946
1.0496	-2.555
1.4984	-2.2288
1.8738	-1.7941
2.1443	-1.2601
2.2786	-0.5357
2.1915	0.1336
1.873	0.7856
1.1679	1.3891
0.2984	1.5847
-0.6462	1.2533
-1.2155	0.2889
-0.6985	-0.9901
0.4282	-1.2617
1.3352	-0.7363
1.7268	0.1093
1.6373	1.0691
1.259	1.7159
0.7283	2.1622
0.1289	2.4126
-0.5814	2.4837
-1.1559	2.3832
-1.6717	2.16
-2.1768	1.7764
-2.5141	1.3674
-2.756	0.9061
-2.8984	0.412
-2.9369	-0.1816
-2.861	-0.6848
-2.6874	-1.1645
-2.4201	-1.6037
-1.9989	-2.0417
-1.5543	-2.3333
-1.0459	-2.5286
-0.3947	-2.61
0.1866	-2.5334
0.7557	-2.3037
1.2689	-1.9079
1.716	-1.2319
1.8746	-0.4912
1.7142	0.3252
1.1303	1.0459
-0.0598	1.316
-1.0192	0.6473
-1.1144	-0.5464
-0.166	-1.4182
0.8201	-1.4106
1.5681	-0.949
1.9984	-0.2817
2.1405	0.5489
2.0197	1.2074
1.7346	1.77
1.3336	2.2162
0.7725	2.5797
0.2487	2.7567
-0.2863	2.8144
-0.8102	2.7601
-1.3823	2.5672
-1.8207	2.3027
-2.1964	1.9588
-2.5391	1.4739
-2.7387	1.0023
-2.8413	0.4954
-2.8389	-0.0298
-2.6948	-0.6392
-2.4453	-1.1326
-2.0784	-1.5712
-1.598	-1.9231
-0.9103	-2.1738
-0.2413	-2.2008
0.4496	-2.0022
1.1625	-1.4247
1.5164	-0.6198
1.389	0.3582
0.5879	1.1202
-0.7733	0.9257
-1.3071	-0.1142
-0.9873	-1.1282
-0.2264	-1.6895
0.7455	-1.7823
1.457	-1.5221
1.9927	-1.0717
2.3426	-0.5184
2.5304	0.1751
2.5239	0.7615
2.3852	1.3089
2.085	1.8703
1.7329	2.2688
1.3139	2.5804
0.8471	2.7981
0.266	2.9282
-0.2431	2.9311
-0.7439	2.8336
-1.2188	2.6376
-1.7161	2.2897
-2.0725	1.8966
-2.344	1.4261
-2.526	0.798
-2.5425	0.2145
-2.4079	-0.3809
-2.1031	-0.9481
-1.5158	-1.4973
-0.8202	-1.7785
0.0022	-1.7676
0.8102	-1.3374
1.3146	-0.2436
0.8834	0.8327
-0.2574	1.2029
-1.2292	0.615
-1.5216	-0.5188
-1.2046	-1.3508
-0.618	-1.8991
0.1837	-2.1835
0.8584	-2.1733
1.4638	-1.9818
1.971	-1.6552
2.4203	-1.1558
2.6777	-0.664
2.8178	-0.1426
2.8446	0.3847
2.7411	0.9807
2.5461	1.4549
2.263	1.8789
1.8355	2.2913
1.3998	2.56
0.9147	2.7382
0.3961	2.8156
-0.2269	2.7663
-0.7513	2.5959
-1.2396	2.3022
-1.6603	1.8844
-2.0145	1.2483
-2.148	0.5966
-2.0666	-0.1119
-1.6234	-0.9053
-0.9035	-1.3924
0.0685	-1.4539
0.9698	-0.8354
1.0806	0.53
0.1774	1.2837
-0.8931	1.1772
-1.5974	0.5287
-1.8645	-0.4217
-1.7275	-1.1741
-1.3683	-1.7813
-0.8749	-2.2185
-0.2157	-2.5147
0.3674	-2.5995
0.9318	-2.5461
1.5344	-2.3341
1.9827	-2.0453
2.3543	-1.6771
2.64	-1.2474
2.8555	-0.6916
2.9341	-0.1883
2.9122	0.3214
2.7891	0.82
2.5194	1.363
2.1845	1.7735
1.7609	2.1117
1.1691	2.3856
0.5969	2.4902
-0.0094	2.4488
-0.6139	2.2369
-1.2452	1.7473
-1.6329	1.1119
-1.7599	0.3071
-1.4831	-0.555
-0.5169	-1.2516
0.6164	-1.0543
1.2223	-0.0188
0.8447	1.0623
-0.2242	1.5715
-1.109	1.4056
-1.7547	0.9155
-2.1691	0.1648
-2.2663	-0.5075
-2.1706	-1.139
-1.9241	-1.6929
-1.4965	-2.2146
-1.0472	-2.5437
-0.551	-2.7602
-0.0322	-2.8648
0.5736	-2.8501
1.0719	-2.7265
1.533	-2.5081
2.0036	-2.1453
2.3329	-1.7535
2.5799	-1.2999
2.7321	-0.7987
2.7746	-0.1762
2.6835	0.3664
2.4659	0.8913
2.1167	1.3679
1.5438	1.8122
0.9235	2.0426
0.2154	2.0726
-0.5158	1.8354
-1.2278	1.1431
-1.4584	0.2072
-1.027	-0.7856
0.2824	-1.1693
1.2077	-0.4343
1.3088	0.6471
0.7912	1.4643
-0.1089	1.8915
-0.8797	1.8773
-1.5402	1.6159
-2.0508	1.1928
-2.4448	0.5828
-2.616	0.0164
-2.6463	-0.5517
-2.5241	-1.1805
-2.3029	-1.6671
-1.9916	-2.0889
-1.6069	-2.4338
-1.0872	-2.7271
-0.6001	-2.8771
-0.0924	-2.9283
0.4185	-2.8778
0.9942	-2.6888
1.4479	-2.4165
1.8429	-2.0466
2.1561	-1.5864
2.3848	-0.9523
2.4325	-0.3485
2.313	0.278
1.926	0.9724
1.3613	1.4502
0.5927	1.7014
-0.2955	1.5721
-1.1438	0.7512
-1.1642	-0.391
-0.2678	-1.1875
0.8724	-1.0219
1.5702	-0.0524
1.5544	0.8557